(kicad_pcb (version 20171130) (host pcbnew "(5.1.5)-3")

  (general
    (thickness 1.6)
    (drawings 10)
    (tracks 990)
    (zones 0)
    (modules 77)
    (nets 129)
  )

  (page A4)
  (layers
    (0 F.Cu signal)
    (31 B.Cu signal)
    (32 B.Adhes user)
    (33 F.Adhes user)
    (34 B.Paste user)
    (35 F.Paste user)
    (36 B.SilkS user)
    (37 F.SilkS user)
    (38 B.Mask user)
    (39 F.Mask user)
    (40 Dwgs.User user)
    (41 Cmts.User user)
    (42 Eco1.User user)
    (43 Eco2.User user)
    (44 Edge.Cuts user)
    (45 Margin user)
    (46 B.CrtYd user)
    (47 F.CrtYd user)
    (48 B.Fab user)
    (49 F.Fab user)
  )

  (setup
    (last_trace_width 1)
    (user_trace_width 0.5)
    (user_trace_width 0.75)
    (user_trace_width 1)
    (trace_clearance 0.2)
    (zone_clearance 0.508)
    (zone_45_only no)
    (trace_min 0.2)
    (via_size 0.8)
    (via_drill 0.4)
    (via_min_size 0.4)
    (via_min_drill 0.3)
    (uvia_size 0.3)
    (uvia_drill 0.1)
    (uvias_allowed no)
    (uvia_min_size 0.2)
    (uvia_min_drill 0.1)
    (edge_width 0.05)
    (segment_width 0.2)
    (pcb_text_width 0.3)
    (pcb_text_size 1.5 1.5)
    (mod_edge_width 0.12)
    (mod_text_size 1 1)
    (mod_text_width 0.15)
    (pad_size 1.524 1.524)
    (pad_drill 0.762)
    (pad_to_mask_clearance 0.051)
    (solder_mask_min_width 0.25)
    (aux_axis_origin 12.005 197.95)
    (grid_origin 135.655 50.254)
    (visible_elements 7FFFFFFF)
    (pcbplotparams
      (layerselection 0x010fc_ffffffff)
      (usegerberextensions false)
      (usegerberattributes false)
      (usegerberadvancedattributes false)
      (creategerberjobfile false)
      (excludeedgelayer true)
      (linewidth 0.100000)
      (plotframeref false)
      (viasonmask false)
      (mode 1)
      (useauxorigin false)
      (hpglpennumber 1)
      (hpglpenspeed 20)
      (hpglpendiameter 15.000000)
      (psnegative false)
      (psa4output false)
      (plotreference true)
      (plotvalue true)
      (plotinvisibletext false)
      (padsonsilk false)
      (subtractmaskfromsilk false)
      (outputformat 1)
      (mirror false)
      (drillshape 1)
      (scaleselection 1)
      (outputdirectory ""))
  )

  (net 0 "")
  (net 1 A5)
  (net 2 A4)
  (net 3 "Net-(A1-Pad1)")
  (net 4 D2)
  (net 5 +5V)
  (net 6 D3)
  (net 7 RST)
  (net 8 D4)
  (net 9 +3V3)
  (net 10 D5)
  (net 11 D6)
  (net 12 GND)
  (net 13 D7)
  (net 14 D8)
  (net 15 "Net-(A1-Pad8)")
  (net 16 D9)
  (net 17 A0)
  (net 18 CS)
  (net 19 A1)
  (net 20 D11)
  (net 21 A2)
  (net 22 D12)
  (net 23 A3)
  (net 24 D13)
  (net 25 D0)
  (net 26 D1)
  (net 27 "Net-(C1-Pad1)")
  (net 28 +12V)
  (net 29 "Net-(D1-Pad2)")
  (net 30 "Net-(D2-Pad2)")
  (net 31 "Net-(D3-Pad2)")
  (net 32 "Net-(D4-Pad2)")
  (net 33 "Net-(D5-Pad2)")
  (net 34 "Net-(D6-Pad2)")
  (net 35 "Net-(D7-Pad2)")
  (net 36 "Net-(D8-Pad2)")
  (net 37 RX_LED)
  (net 38 "Net-(D9-Pad2)")
  (net 39 "Net-(D10-Pad2)")
  (net 40 "Net-(D11-Pad2)")
  (net 41 TX_LED)
  (net 42 Enc1A)
  (net 43 Enc1B)
  (net 44 Pot1)
  (net 45 PWM1B)
  (net 46 PWM1A)
  (net 47 PWM3B)
  (net 48 PWM3A)
  (net 49 CAN_L)
  (net 50 CAN_H)
  (net 51 Enc2A)
  (net 52 Enc2B)
  (net 53 Pot2)
  (net 54 PWM2A)
  (net 55 PWM2B)
  (net 56 PWM4A)
  (net 57 PWM4B)
  (net 58 SW1)
  (net 59 PWM5B)
  (net 60 PWM5A)
  (net 61 Pot3)
  (net 62 SW2)
  (net 63 TXD)
  (net 64 RXD)
  (net 65 RX)
  (net 66 TX)
  (net 67 "Net-(R1-Pad1)")
  (net 68 "Net-(R4-Pad2)")
  (net 69 LED_CAN)
  (net 70 LED_R)
  (net 71 LED_G)
  (net 72 LED_B)
  (net 73 LED_W)
  (net 74 "Net-(R16-Pad1)")
  (net 75 CAN_TD)
  (net 76 CAN_RD)
  (net 77 "Net-(U1-Pad5)")
  (net 78 CAN_TD2)
  (net 79 CAN_RD2)
  (net 80 "Net-(U2-Pad3)")
  (net 81 "Net-(U2-Pad4)")
  (net 82 "Net-(U2-Pad5)")
  (net 83 "Net-(U2-Pad6)")
  (net 84 "Net-(U2-Pad7)")
  (net 85 Cry2-1)
  (net 86 Cry2-2)
  (net 87 "Net-(U2-Pad11)")
  (net 88 "Net-(U2-Pad12)")
  (net 89 "Net-(U2-Pad13)")
  (net 90 "Net-(U2-Pad15)")
  (net 91 "Net-(U3-Pad2)")
  (net 92 "Net-(U3-Pad3)")
  (net 93 "Net-(U3-Pad4)")
  (net 94 "Net-(U3-Pad5)")
  (net 95 "Net-(U3-Pad6)")
  (net 96 "Net-(U3-Pad11)")
  (net 97 "Net-(U3-Pad24)")
  (net 98 "Net-(U3-Pad25)")
  (net 99 "Net-(U3-Pad33)")
  (net 100 "Net-(U3-Pad34)")
  (net 101 "Net-(U3-Pad35)")
  (net 102 "Net-(U3-Pad36)")
  (net 103 "Net-(U3-Pad37)")
  (net 104 "Net-(U3-Pad38)")
  (net 105 "Net-(U3-Pad43)")
  (net 106 SWDIO)
  (net 107 SWCLK)
  (net 108 "Net-(U3-Pad50)")
  (net 109 "Net-(U3-Pad54)")
  (net 110 "Net-(U3-Pad55)")
  (net 111 "Net-(U3-Pad56)")
  (net 112 "Net-(U3-Pad57)")
  (net 113 Cry1)
  (net 114 Cry2)
  (net 115 "Net-(U4-Pad19)")
  (net 116 "Net-(U4-Pad22)")
  (net 117 "Net-(U5-Pad6)")
  (net 118 "Net-(U5-Pad14)")
  (net 119 "Net-(U7-Pad1)")
  (net 120 "Net-(U7-Pad4)")
  (net 121 "Net-(U7-Pad6)")
  (net 122 "Net-(U7-Pad7)")
  (net 123 "Net-(U7-Pad8)")
  (net 124 "Net-(U7-Pad9)")
  (net 125 "Net-(U7-Pad12)")
  (net 126 "Net-(U7-Pad15)")
  (net 127 "Net-(U7-Pad18)")
  (net 128 "Net-(U8-Pad5)")

  (net_class Default "これはデフォルトのネット クラスです。"
    (clearance 0.2)
    (trace_width 0.25)
    (via_dia 0.8)
    (via_drill 0.4)
    (uvia_dia 0.3)
    (uvia_drill 0.1)
    (add_net +12V)
    (add_net +3V3)
    (add_net +5V)
    (add_net A0)
    (add_net A1)
    (add_net A2)
    (add_net A3)
    (add_net A4)
    (add_net A5)
    (add_net CAN_H)
    (add_net CAN_L)
    (add_net CAN_RD)
    (add_net CAN_RD2)
    (add_net CAN_TD)
    (add_net CAN_TD2)
    (add_net CS)
    (add_net Cry1)
    (add_net Cry2)
    (add_net Cry2-1)
    (add_net Cry2-2)
    (add_net D0)
    (add_net D1)
    (add_net D11)
    (add_net D12)
    (add_net D13)
    (add_net D2)
    (add_net D3)
    (add_net D4)
    (add_net D5)
    (add_net D6)
    (add_net D7)
    (add_net D8)
    (add_net D9)
    (add_net Enc1A)
    (add_net Enc1B)
    (add_net Enc2A)
    (add_net Enc2B)
    (add_net GND)
    (add_net LED_B)
    (add_net LED_CAN)
    (add_net LED_G)
    (add_net LED_R)
    (add_net LED_W)
    (add_net "Net-(A1-Pad1)")
    (add_net "Net-(A1-Pad8)")
    (add_net "Net-(C1-Pad1)")
    (add_net "Net-(D1-Pad2)")
    (add_net "Net-(D10-Pad2)")
    (add_net "Net-(D11-Pad2)")
    (add_net "Net-(D2-Pad2)")
    (add_net "Net-(D3-Pad2)")
    (add_net "Net-(D4-Pad2)")
    (add_net "Net-(D5-Pad2)")
    (add_net "Net-(D6-Pad2)")
    (add_net "Net-(D7-Pad2)")
    (add_net "Net-(D8-Pad2)")
    (add_net "Net-(D9-Pad2)")
    (add_net "Net-(R1-Pad1)")
    (add_net "Net-(R16-Pad1)")
    (add_net "Net-(R4-Pad2)")
    (add_net "Net-(U1-Pad5)")
    (add_net "Net-(U2-Pad11)")
    (add_net "Net-(U2-Pad12)")
    (add_net "Net-(U2-Pad13)")
    (add_net "Net-(U2-Pad15)")
    (add_net "Net-(U2-Pad3)")
    (add_net "Net-(U2-Pad4)")
    (add_net "Net-(U2-Pad5)")
    (add_net "Net-(U2-Pad6)")
    (add_net "Net-(U2-Pad7)")
    (add_net "Net-(U3-Pad11)")
    (add_net "Net-(U3-Pad2)")
    (add_net "Net-(U3-Pad24)")
    (add_net "Net-(U3-Pad25)")
    (add_net "Net-(U3-Pad3)")
    (add_net "Net-(U3-Pad33)")
    (add_net "Net-(U3-Pad34)")
    (add_net "Net-(U3-Pad35)")
    (add_net "Net-(U3-Pad36)")
    (add_net "Net-(U3-Pad37)")
    (add_net "Net-(U3-Pad38)")
    (add_net "Net-(U3-Pad4)")
    (add_net "Net-(U3-Pad43)")
    (add_net "Net-(U3-Pad5)")
    (add_net "Net-(U3-Pad50)")
    (add_net "Net-(U3-Pad54)")
    (add_net "Net-(U3-Pad55)")
    (add_net "Net-(U3-Pad56)")
    (add_net "Net-(U3-Pad57)")
    (add_net "Net-(U3-Pad6)")
    (add_net "Net-(U4-Pad19)")
    (add_net "Net-(U4-Pad22)")
    (add_net "Net-(U5-Pad14)")
    (add_net "Net-(U5-Pad6)")
    (add_net "Net-(U7-Pad1)")
    (add_net "Net-(U7-Pad12)")
    (add_net "Net-(U7-Pad15)")
    (add_net "Net-(U7-Pad18)")
    (add_net "Net-(U7-Pad4)")
    (add_net "Net-(U7-Pad6)")
    (add_net "Net-(U7-Pad7)")
    (add_net "Net-(U7-Pad8)")
    (add_net "Net-(U7-Pad9)")
    (add_net "Net-(U8-Pad5)")
    (add_net PWM1A)
    (add_net PWM1B)
    (add_net PWM2A)
    (add_net PWM2B)
    (add_net PWM3A)
    (add_net PWM3B)
    (add_net PWM4A)
    (add_net PWM4B)
    (add_net PWM5A)
    (add_net PWM5B)
    (add_net Pot1)
    (add_net Pot2)
    (add_net Pot3)
    (add_net RST)
    (add_net RX)
    (add_net RXD)
    (add_net RX_LED)
    (add_net SW1)
    (add_net SW2)
    (add_net SWCLK)
    (add_net SWDIO)
    (add_net TX)
    (add_net TXD)
    (add_net TX_LED)
  )

  (net_class 12V ""
    (clearance 0.2)
    (trace_width 1)
    (via_dia 0.8)
    (via_drill 0.4)
    (uvia_dia 0.3)
    (uvia_drill 0.1)
  )

  (module Module:Arduino_UNO_R3 (layer B.Cu) (tedit 58AB60FC) (tstamp 5F089CDE)
    (at 147.955 48.26 180)
    (descr "Arduino UNO R3, http://www.mouser.com/pdfdocs/Gravitech_Arduino_Nano3_0.pdf")
    (tags "Arduino UNO R3")
    (path /5F050DEF)
    (fp_text reference A1 (at 1.27 3.81 180) (layer B.SilkS)
      (effects (font (size 1 1) (thickness 0.15)) (justify mirror))
    )
    (fp_text value Arduino_UNO_R3 (at 0 -22.86) (layer B.Fab)
      (effects (font (size 1 1) (thickness 0.15)) (justify mirror))
    )
    (fp_text user %R (at 0 -20.32 180) (layer B.Fab)
      (effects (font (size 1 1) (thickness 0.15)) (justify mirror))
    )
    (fp_line (start 38.35 2.79) (end 38.35 0) (layer B.CrtYd) (width 0.05))
    (fp_line (start 38.35 0) (end 40.89 -2.54) (layer B.CrtYd) (width 0.05))
    (fp_line (start 40.89 -2.54) (end 40.89 -35.31) (layer B.CrtYd) (width 0.05))
    (fp_line (start 40.89 -35.31) (end 38.35 -37.85) (layer B.CrtYd) (width 0.05))
    (fp_line (start 38.35 -37.85) (end 38.35 -49.28) (layer B.CrtYd) (width 0.05))
    (fp_line (start 38.35 -49.28) (end 36.58 -51.05) (layer B.CrtYd) (width 0.05))
    (fp_line (start 36.58 -51.05) (end -28.19 -51.05) (layer B.CrtYd) (width 0.05))
    (fp_line (start -28.19 -51.05) (end -28.19 -41.53) (layer B.CrtYd) (width 0.05))
    (fp_line (start -28.19 -41.53) (end -34.54 -41.53) (layer B.CrtYd) (width 0.05))
    (fp_line (start -34.54 -41.53) (end -34.54 -29.59) (layer B.CrtYd) (width 0.05))
    (fp_line (start -34.54 -29.59) (end -28.19 -29.59) (layer B.CrtYd) (width 0.05))
    (fp_line (start -28.19 -29.59) (end -28.19 -9.78) (layer B.CrtYd) (width 0.05))
    (fp_line (start -28.19 -9.78) (end -30.1 -9.78) (layer B.CrtYd) (width 0.05))
    (fp_line (start -30.1 -9.78) (end -30.1 -0.38) (layer B.CrtYd) (width 0.05))
    (fp_line (start -30.1 -0.38) (end -28.19 -0.38) (layer B.CrtYd) (width 0.05))
    (fp_line (start -28.19 -0.38) (end -28.19 2.79) (layer B.CrtYd) (width 0.05))
    (fp_line (start -28.19 2.79) (end 38.35 2.79) (layer B.CrtYd) (width 0.05))
    (fp_line (start 40.77 -35.31) (end 40.77 -2.54) (layer B.SilkS) (width 0.12))
    (fp_line (start 40.77 -2.54) (end 38.23 0) (layer B.SilkS) (width 0.12))
    (fp_line (start 38.23 0) (end 38.23 2.67) (layer B.SilkS) (width 0.12))
    (fp_line (start 38.23 2.67) (end -28.07 2.67) (layer B.SilkS) (width 0.12))
    (fp_line (start -28.07 2.67) (end -28.07 -0.51) (layer B.SilkS) (width 0.12))
    (fp_line (start -28.07 -0.51) (end -29.97 -0.51) (layer B.SilkS) (width 0.12))
    (fp_line (start -29.97 -0.51) (end -29.97 -9.65) (layer B.SilkS) (width 0.12))
    (fp_line (start -29.97 -9.65) (end -28.07 -9.65) (layer B.SilkS) (width 0.12))
    (fp_line (start -28.07 -9.65) (end -28.07 -29.72) (layer B.SilkS) (width 0.12))
    (fp_line (start -28.07 -29.72) (end -34.42 -29.72) (layer B.SilkS) (width 0.12))
    (fp_line (start -34.42 -29.72) (end -34.42 -41.4) (layer B.SilkS) (width 0.12))
    (fp_line (start -34.42 -41.4) (end -28.07 -41.4) (layer B.SilkS) (width 0.12))
    (fp_line (start -28.07 -41.4) (end -28.07 -50.93) (layer B.SilkS) (width 0.12))
    (fp_line (start -28.07 -50.93) (end 36.58 -50.93) (layer B.SilkS) (width 0.12))
    (fp_line (start 36.58 -50.93) (end 38.23 -49.28) (layer B.SilkS) (width 0.12))
    (fp_line (start 38.23 -49.28) (end 38.23 -37.85) (layer B.SilkS) (width 0.12))
    (fp_line (start 38.23 -37.85) (end 40.77 -35.31) (layer B.SilkS) (width 0.12))
    (fp_line (start -34.29 -29.84) (end -18.41 -29.84) (layer B.Fab) (width 0.1))
    (fp_line (start -18.41 -29.84) (end -18.41 -41.27) (layer B.Fab) (width 0.1))
    (fp_line (start -18.41 -41.27) (end -34.29 -41.27) (layer B.Fab) (width 0.1))
    (fp_line (start -34.29 -41.27) (end -34.29 -29.84) (layer B.Fab) (width 0.1))
    (fp_line (start -29.84 -0.64) (end -16.51 -0.64) (layer B.Fab) (width 0.1))
    (fp_line (start -16.51 -0.64) (end -16.51 -9.53) (layer B.Fab) (width 0.1))
    (fp_line (start -16.51 -9.53) (end -29.84 -9.53) (layer B.Fab) (width 0.1))
    (fp_line (start -29.84 -9.53) (end -29.84 -0.64) (layer B.Fab) (width 0.1))
    (fp_line (start 38.1 -37.85) (end 38.1 -49.28) (layer B.Fab) (width 0.1))
    (fp_line (start 40.64 -2.54) (end 40.64 -35.31) (layer B.Fab) (width 0.1))
    (fp_line (start 40.64 -35.31) (end 38.1 -37.85) (layer B.Fab) (width 0.1))
    (fp_line (start 38.1 2.54) (end 38.1 0) (layer B.Fab) (width 0.1))
    (fp_line (start 38.1 0) (end 40.64 -2.54) (layer B.Fab) (width 0.1))
    (fp_line (start 38.1 -49.28) (end 36.58 -50.8) (layer B.Fab) (width 0.1))
    (fp_line (start 36.58 -50.8) (end -27.94 -50.8) (layer B.Fab) (width 0.1))
    (fp_line (start -27.94 -50.8) (end -27.94 2.54) (layer B.Fab) (width 0.1))
    (fp_line (start -27.94 2.54) (end 38.1 2.54) (layer B.Fab) (width 0.1))
    (pad 32 thru_hole oval (at -9.14 -48.26 90) (size 1.6 1.6) (drill 0.8) (layers *.Cu *.Mask)
      (net 1 A5))
    (pad 31 thru_hole oval (at -6.6 -48.26 90) (size 1.6 1.6) (drill 0.8) (layers *.Cu *.Mask)
      (net 2 A4))
    (pad 1 thru_hole rect (at 0 0 90) (size 1.6 1.6) (drill 0.8) (layers *.Cu *.Mask)
      (net 3 "Net-(A1-Pad1)"))
    (pad 17 thru_hole oval (at 30.48 -48.26 90) (size 1.6 1.6) (drill 0.8) (layers *.Cu *.Mask)
      (net 4 D2))
    (pad 2 thru_hole oval (at 2.54 0 90) (size 1.6 1.6) (drill 0.8) (layers *.Cu *.Mask)
      (net 5 +5V))
    (pad 18 thru_hole oval (at 27.94 -48.26 90) (size 1.6 1.6) (drill 0.8) (layers *.Cu *.Mask)
      (net 6 D3))
    (pad 3 thru_hole oval (at 5.08 0 90) (size 1.6 1.6) (drill 0.8) (layers *.Cu *.Mask)
      (net 7 RST))
    (pad 19 thru_hole oval (at 25.4 -48.26 90) (size 1.6 1.6) (drill 0.8) (layers *.Cu *.Mask)
      (net 8 D4))
    (pad 4 thru_hole oval (at 7.62 0 90) (size 1.6 1.6) (drill 0.8) (layers *.Cu *.Mask)
      (net 9 +3V3))
    (pad 20 thru_hole oval (at 22.86 -48.26 90) (size 1.6 1.6) (drill 0.8) (layers *.Cu *.Mask)
      (net 10 D5))
    (pad 5 thru_hole oval (at 10.16 0 90) (size 1.6 1.6) (drill 0.8) (layers *.Cu *.Mask)
      (net 5 +5V))
    (pad 21 thru_hole oval (at 20.32 -48.26 90) (size 1.6 1.6) (drill 0.8) (layers *.Cu *.Mask)
      (net 11 D6))
    (pad 6 thru_hole oval (at 12.7 0 90) (size 1.6 1.6) (drill 0.8) (layers *.Cu *.Mask)
      (net 12 GND))
    (pad 22 thru_hole oval (at 17.78 -48.26 90) (size 1.6 1.6) (drill 0.8) (layers *.Cu *.Mask)
      (net 13 D7))
    (pad 7 thru_hole oval (at 15.24 0 90) (size 1.6 1.6) (drill 0.8) (layers *.Cu *.Mask)
      (net 12 GND))
    (pad 23 thru_hole oval (at 13.72 -48.26 90) (size 1.6 1.6) (drill 0.8) (layers *.Cu *.Mask)
      (net 14 D8))
    (pad 8 thru_hole oval (at 17.78 0 90) (size 1.6 1.6) (drill 0.8) (layers *.Cu *.Mask)
      (net 15 "Net-(A1-Pad8)"))
    (pad 24 thru_hole oval (at 11.18 -48.26 90) (size 1.6 1.6) (drill 0.8) (layers *.Cu *.Mask)
      (net 16 D9))
    (pad 9 thru_hole oval (at 22.86 0 90) (size 1.6 1.6) (drill 0.8) (layers *.Cu *.Mask)
      (net 17 A0))
    (pad 25 thru_hole oval (at 8.64 -48.26 90) (size 1.6 1.6) (drill 0.8) (layers *.Cu *.Mask)
      (net 18 CS))
    (pad 10 thru_hole oval (at 25.4 0 90) (size 1.6 1.6) (drill 0.8) (layers *.Cu *.Mask)
      (net 19 A1))
    (pad 26 thru_hole oval (at 6.1 -48.26 90) (size 1.6 1.6) (drill 0.8) (layers *.Cu *.Mask)
      (net 20 D11))
    (pad 11 thru_hole oval (at 27.94 0 90) (size 1.6 1.6) (drill 0.8) (layers *.Cu *.Mask)
      (net 21 A2))
    (pad 27 thru_hole oval (at 3.56 -48.26 90) (size 1.6 1.6) (drill 0.8) (layers *.Cu *.Mask)
      (net 22 D12))
    (pad 12 thru_hole oval (at 30.48 0 90) (size 1.6 1.6) (drill 0.8) (layers *.Cu *.Mask)
      (net 23 A3))
    (pad 28 thru_hole oval (at 1.02 -48.26 90) (size 1.6 1.6) (drill 0.8) (layers *.Cu *.Mask)
      (net 24 D13))
    (pad 13 thru_hole oval (at 33.02 0 90) (size 1.6 1.6) (drill 0.8) (layers *.Cu *.Mask)
      (net 2 A4))
    (pad 29 thru_hole oval (at -1.52 -48.26 90) (size 1.6 1.6) (drill 0.8) (layers *.Cu *.Mask)
      (net 12 GND))
    (pad 14 thru_hole oval (at 35.56 0 90) (size 1.6 1.6) (drill 0.8) (layers *.Cu *.Mask)
      (net 1 A5))
    (pad 30 thru_hole oval (at -4.06 -48.26 90) (size 1.6 1.6) (drill 0.8) (layers *.Cu *.Mask)
      (net 5 +5V))
    (pad 15 thru_hole oval (at 35.56 -48.26 90) (size 1.6 1.6) (drill 0.8) (layers *.Cu *.Mask)
      (net 25 D0))
    (pad 16 thru_hole oval (at 33.02 -48.26 90) (size 1.6 1.6) (drill 0.8) (layers *.Cu *.Mask)
      (net 26 D1))
    (model ${KISYS3DMOD}/Module.3dshapes/Arduino_UNO_R3.wrl
      (at (xyz 0 0 0))
      (scale (xyz 1 1 1))
      (rotate (xyz 0 0 0))
    )
  )

  (module Capacitor_SMD:C_0603_1608Metric_Pad1.05x0.95mm_HandSolder (layer B.Cu) (tedit 5B301BBE) (tstamp 5F090C19)
    (at 158.355 120.65)
    (descr "Capacitor SMD 0603 (1608 Metric), square (rectangular) end terminal, IPC_7351 nominal with elongated pad for handsoldering. (Body size source: http://www.tortai-tech.com/upload/download/2011102023233369053.pdf), generated with kicad-footprint-generator")
    (tags "capacitor handsolder")
    (path /5F09AEEB)
    (attr smd)
    (fp_text reference C1 (at 0 1.43 180) (layer B.SilkS)
      (effects (font (size 1 1) (thickness 0.15)) (justify mirror))
    )
    (fp_text value 2.2uF (at 0 -1.43 180) (layer B.Fab)
      (effects (font (size 1 1) (thickness 0.15)) (justify mirror))
    )
    (fp_line (start -0.8 -0.4) (end -0.8 0.4) (layer B.Fab) (width 0.1))
    (fp_line (start -0.8 0.4) (end 0.8 0.4) (layer B.Fab) (width 0.1))
    (fp_line (start 0.8 0.4) (end 0.8 -0.4) (layer B.Fab) (width 0.1))
    (fp_line (start 0.8 -0.4) (end -0.8 -0.4) (layer B.Fab) (width 0.1))
    (fp_line (start -0.171267 0.51) (end 0.171267 0.51) (layer B.SilkS) (width 0.12))
    (fp_line (start -0.171267 -0.51) (end 0.171267 -0.51) (layer B.SilkS) (width 0.12))
    (fp_line (start -1.65 -0.73) (end -1.65 0.73) (layer B.CrtYd) (width 0.05))
    (fp_line (start -1.65 0.73) (end 1.65 0.73) (layer B.CrtYd) (width 0.05))
    (fp_line (start 1.65 0.73) (end 1.65 -0.73) (layer B.CrtYd) (width 0.05))
    (fp_line (start 1.65 -0.73) (end -1.65 -0.73) (layer B.CrtYd) (width 0.05))
    (fp_text user %R (at 0 0 180) (layer B.Fab)
      (effects (font (size 0.4 0.4) (thickness 0.06)) (justify mirror))
    )
    (pad 1 smd roundrect (at -0.875 0) (size 1.05 0.95) (layers B.Cu B.Paste B.Mask) (roundrect_rratio 0.25)
      (net 27 "Net-(C1-Pad1)"))
    (pad 2 smd roundrect (at 0.875 0) (size 1.05 0.95) (layers B.Cu B.Paste B.Mask) (roundrect_rratio 0.25)
      (net 12 GND))
    (model ${KISYS3DMOD}/Capacitor_SMD.3dshapes/C_0603_1608Metric.wrl
      (at (xyz 0 0 0))
      (scale (xyz 1 1 1))
      (rotate (xyz 0 0 0))
    )
  )

  (module Capacitor_SMD:CP_Elec_5x3 (layer F.Cu) (tedit 5BCA39CF) (tstamp 5F089D17)
    (at 100.035 70.485)
    (descr "SMD capacitor, aluminum electrolytic, Nichicon, 5.0x3.0mm")
    (tags "capacitor electrolytic")
    (path /5F1A6C51)
    (attr smd)
    (fp_text reference C2 (at 0 -3.7) (layer F.SilkS)
      (effects (font (size 1 1) (thickness 0.15)))
    )
    (fp_text value 100uF (at 0 3.7) (layer F.Fab)
      (effects (font (size 1 1) (thickness 0.15)))
    )
    (fp_circle (center 0 0) (end 2.5 0) (layer F.Fab) (width 0.1))
    (fp_line (start 2.65 -2.65) (end 2.65 2.65) (layer F.Fab) (width 0.1))
    (fp_line (start -1.65 -2.65) (end 2.65 -2.65) (layer F.Fab) (width 0.1))
    (fp_line (start -1.65 2.65) (end 2.65 2.65) (layer F.Fab) (width 0.1))
    (fp_line (start -2.65 -1.65) (end -2.65 1.65) (layer F.Fab) (width 0.1))
    (fp_line (start -2.65 -1.65) (end -1.65 -2.65) (layer F.Fab) (width 0.1))
    (fp_line (start -2.65 1.65) (end -1.65 2.65) (layer F.Fab) (width 0.1))
    (fp_line (start -2.033956 -1.2) (end -1.533956 -1.2) (layer F.Fab) (width 0.1))
    (fp_line (start -1.783956 -1.45) (end -1.783956 -0.95) (layer F.Fab) (width 0.1))
    (fp_line (start 2.76 2.76) (end 2.76 1.06) (layer F.SilkS) (width 0.12))
    (fp_line (start 2.76 -2.76) (end 2.76 -1.06) (layer F.SilkS) (width 0.12))
    (fp_line (start -1.695563 -2.76) (end 2.76 -2.76) (layer F.SilkS) (width 0.12))
    (fp_line (start -1.695563 2.76) (end 2.76 2.76) (layer F.SilkS) (width 0.12))
    (fp_line (start -2.76 1.695563) (end -2.76 1.06) (layer F.SilkS) (width 0.12))
    (fp_line (start -2.76 -1.695563) (end -2.76 -1.06) (layer F.SilkS) (width 0.12))
    (fp_line (start -2.76 -1.695563) (end -1.695563 -2.76) (layer F.SilkS) (width 0.12))
    (fp_line (start -2.76 1.695563) (end -1.695563 2.76) (layer F.SilkS) (width 0.12))
    (fp_line (start -3.625 -1.685) (end -3 -1.685) (layer F.SilkS) (width 0.12))
    (fp_line (start -3.3125 -1.9975) (end -3.3125 -1.3725) (layer F.SilkS) (width 0.12))
    (fp_line (start 2.9 -2.9) (end 2.9 -1.05) (layer F.CrtYd) (width 0.05))
    (fp_line (start 2.9 -1.05) (end 3.95 -1.05) (layer F.CrtYd) (width 0.05))
    (fp_line (start 3.95 -1.05) (end 3.95 1.05) (layer F.CrtYd) (width 0.05))
    (fp_line (start 3.95 1.05) (end 2.9 1.05) (layer F.CrtYd) (width 0.05))
    (fp_line (start 2.9 1.05) (end 2.9 2.9) (layer F.CrtYd) (width 0.05))
    (fp_line (start -1.75 2.9) (end 2.9 2.9) (layer F.CrtYd) (width 0.05))
    (fp_line (start -1.75 -2.9) (end 2.9 -2.9) (layer F.CrtYd) (width 0.05))
    (fp_line (start -2.9 1.75) (end -1.75 2.9) (layer F.CrtYd) (width 0.05))
    (fp_line (start -2.9 -1.75) (end -1.75 -2.9) (layer F.CrtYd) (width 0.05))
    (fp_line (start -2.9 -1.75) (end -2.9 -1.05) (layer F.CrtYd) (width 0.05))
    (fp_line (start -2.9 1.05) (end -2.9 1.75) (layer F.CrtYd) (width 0.05))
    (fp_line (start -2.9 -1.05) (end -3.95 -1.05) (layer F.CrtYd) (width 0.05))
    (fp_line (start -3.95 -1.05) (end -3.95 1.05) (layer F.CrtYd) (width 0.05))
    (fp_line (start -3.95 1.05) (end -2.9 1.05) (layer F.CrtYd) (width 0.05))
    (fp_text user %R (at 0 0) (layer F.Fab)
      (effects (font (size 1 1) (thickness 0.15)))
    )
    (pad 1 smd roundrect (at -2.2 0) (size 3 1.6) (layers F.Cu F.Paste F.Mask) (roundrect_rratio 0.15625)
      (net 28 +12V))
    (pad 2 smd roundrect (at 2.2 0) (size 3 1.6) (layers F.Cu F.Paste F.Mask) (roundrect_rratio 0.15625)
      (net 12 GND))
    (model ${KISYS3DMOD}/Capacitor_SMD.3dshapes/CP_Elec_5x3.wrl
      (at (xyz 0 0 0))
      (scale (xyz 1 1 1))
      (rotate (xyz 0 0 0))
    )
  )

  (module Capacitor_SMD:C_0603_1608Metric_Pad1.05x0.95mm_HandSolder (layer F.Cu) (tedit 5B301BBE) (tstamp 5F089D28)
    (at 139.065 70.485 315)
    (descr "Capacitor SMD 0603 (1608 Metric), square (rectangular) end terminal, IPC_7351 nominal with elongated pad for handsoldering. (Body size source: http://www.tortai-tech.com/upload/download/2011102023233369053.pdf), generated with kicad-footprint-generator")
    (tags "capacitor handsolder")
    (path /5F0A3317)
    (attr smd)
    (fp_text reference C3 (at 0 -1.43 135) (layer F.SilkS)
      (effects (font (size 1 1) (thickness 0.15)))
    )
    (fp_text value 0.1uF (at 0 1.43 135) (layer F.Fab)
      (effects (font (size 1 1) (thickness 0.15)))
    )
    (fp_text user %R (at 0 0 135) (layer F.Fab)
      (effects (font (size 0.4 0.4) (thickness 0.06)))
    )
    (fp_line (start 1.65 0.73) (end -1.65 0.73) (layer F.CrtYd) (width 0.05))
    (fp_line (start 1.65 -0.73) (end 1.65 0.73) (layer F.CrtYd) (width 0.05))
    (fp_line (start -1.65 -0.73) (end 1.65 -0.73) (layer F.CrtYd) (width 0.05))
    (fp_line (start -1.65 0.73) (end -1.65 -0.73) (layer F.CrtYd) (width 0.05))
    (fp_line (start -0.171267 0.51) (end 0.171267 0.51) (layer F.SilkS) (width 0.12))
    (fp_line (start -0.171267 -0.51) (end 0.171267 -0.51) (layer F.SilkS) (width 0.12))
    (fp_line (start 0.8 0.4) (end -0.8 0.4) (layer F.Fab) (width 0.1))
    (fp_line (start 0.8 -0.4) (end 0.8 0.4) (layer F.Fab) (width 0.1))
    (fp_line (start -0.8 -0.4) (end 0.8 -0.4) (layer F.Fab) (width 0.1))
    (fp_line (start -0.8 0.4) (end -0.8 -0.4) (layer F.Fab) (width 0.1))
    (pad 2 smd roundrect (at 0.875 0 315) (size 1.05 0.95) (layers F.Cu F.Paste F.Mask) (roundrect_rratio 0.25)
      (net 12 GND))
    (pad 1 smd roundrect (at -0.875 0 315) (size 1.05 0.95) (layers F.Cu F.Paste F.Mask) (roundrect_rratio 0.25)
      (net 5 +5V))
    (model ${KISYS3DMOD}/Capacitor_SMD.3dshapes/C_0603_1608Metric.wrl
      (at (xyz 0 0 0))
      (scale (xyz 1 1 1))
      (rotate (xyz 0 0 0))
    )
  )

  (module Capacitor_SMD:C_0603_1608Metric_Pad1.05x0.95mm_HandSolder (layer B.Cu) (tedit 5B301BBE) (tstamp 5F0925DC)
    (at 152.4 105.41)
    (descr "Capacitor SMD 0603 (1608 Metric), square (rectangular) end terminal, IPC_7351 nominal with elongated pad for handsoldering. (Body size source: http://www.tortai-tech.com/upload/download/2011102023233369053.pdf), generated with kicad-footprint-generator")
    (tags "capacitor handsolder")
    (path /5F0AC914)
    (attr smd)
    (fp_text reference C4 (at 0 1.43) (layer B.SilkS)
      (effects (font (size 1 1) (thickness 0.15)) (justify mirror))
    )
    (fp_text value 0.1uF (at 0 -1.43) (layer B.Fab)
      (effects (font (size 1 1) (thickness 0.15)) (justify mirror))
    )
    (fp_line (start -0.8 -0.4) (end -0.8 0.4) (layer B.Fab) (width 0.1))
    (fp_line (start -0.8 0.4) (end 0.8 0.4) (layer B.Fab) (width 0.1))
    (fp_line (start 0.8 0.4) (end 0.8 -0.4) (layer B.Fab) (width 0.1))
    (fp_line (start 0.8 -0.4) (end -0.8 -0.4) (layer B.Fab) (width 0.1))
    (fp_line (start -0.171267 0.51) (end 0.171267 0.51) (layer B.SilkS) (width 0.12))
    (fp_line (start -0.171267 -0.51) (end 0.171267 -0.51) (layer B.SilkS) (width 0.12))
    (fp_line (start -1.65 -0.73) (end -1.65 0.73) (layer B.CrtYd) (width 0.05))
    (fp_line (start -1.65 0.73) (end 1.65 0.73) (layer B.CrtYd) (width 0.05))
    (fp_line (start 1.65 0.73) (end 1.65 -0.73) (layer B.CrtYd) (width 0.05))
    (fp_line (start 1.65 -0.73) (end -1.65 -0.73) (layer B.CrtYd) (width 0.05))
    (fp_text user %R (at 0 0) (layer B.Fab)
      (effects (font (size 0.4 0.4) (thickness 0.06)) (justify mirror))
    )
    (pad 1 smd roundrect (at -0.875 0) (size 1.05 0.95) (layers B.Cu B.Paste B.Mask) (roundrect_rratio 0.25)
      (net 9 +3V3))
    (pad 2 smd roundrect (at 0.875 0) (size 1.05 0.95) (layers B.Cu B.Paste B.Mask) (roundrect_rratio 0.25)
      (net 12 GND))
    (model ${KISYS3DMOD}/Capacitor_SMD.3dshapes/C_0603_1608Metric.wrl
      (at (xyz 0 0 0))
      (scale (xyz 1 1 1))
      (rotate (xyz 0 0 0))
    )
  )

  (module Capacitor_SMD:C_0603_1608Metric_Pad1.05x0.95mm_HandSolder (layer B.Cu) (tedit 5B301BBE) (tstamp 5F089D4A)
    (at 165.735 105.805 270)
    (descr "Capacitor SMD 0603 (1608 Metric), square (rectangular) end terminal, IPC_7351 nominal with elongated pad for handsoldering. (Body size source: http://www.tortai-tech.com/upload/download/2011102023233369053.pdf), generated with kicad-footprint-generator")
    (tags "capacitor handsolder")
    (path /5F0A5583)
    (attr smd)
    (fp_text reference C5 (at 0 1.43 90) (layer B.SilkS)
      (effects (font (size 1 1) (thickness 0.15)) (justify mirror))
    )
    (fp_text value 0.1uF (at 0 -1.43 90) (layer B.Fab)
      (effects (font (size 1 1) (thickness 0.15)) (justify mirror))
    )
    (fp_line (start -0.8 -0.4) (end -0.8 0.4) (layer B.Fab) (width 0.1))
    (fp_line (start -0.8 0.4) (end 0.8 0.4) (layer B.Fab) (width 0.1))
    (fp_line (start 0.8 0.4) (end 0.8 -0.4) (layer B.Fab) (width 0.1))
    (fp_line (start 0.8 -0.4) (end -0.8 -0.4) (layer B.Fab) (width 0.1))
    (fp_line (start -0.171267 0.51) (end 0.171267 0.51) (layer B.SilkS) (width 0.12))
    (fp_line (start -0.171267 -0.51) (end 0.171267 -0.51) (layer B.SilkS) (width 0.12))
    (fp_line (start -1.65 -0.73) (end -1.65 0.73) (layer B.CrtYd) (width 0.05))
    (fp_line (start -1.65 0.73) (end 1.65 0.73) (layer B.CrtYd) (width 0.05))
    (fp_line (start 1.65 0.73) (end 1.65 -0.73) (layer B.CrtYd) (width 0.05))
    (fp_line (start 1.65 -0.73) (end -1.65 -0.73) (layer B.CrtYd) (width 0.05))
    (fp_text user %R (at 0 0 90) (layer B.Fab)
      (effects (font (size 0.4 0.4) (thickness 0.06)) (justify mirror))
    )
    (pad 1 smd roundrect (at -0.875 0 270) (size 1.05 0.95) (layers B.Cu B.Paste B.Mask) (roundrect_rratio 0.25)
      (net 5 +5V))
    (pad 2 smd roundrect (at 0.875 0 270) (size 1.05 0.95) (layers B.Cu B.Paste B.Mask) (roundrect_rratio 0.25)
      (net 12 GND))
    (model ${KISYS3DMOD}/Capacitor_SMD.3dshapes/C_0603_1608Metric.wrl
      (at (xyz 0 0 0))
      (scale (xyz 1 1 1))
      (rotate (xyz 0 0 0))
    )
  )

  (module Capacitor_SMD:C_0603_1608Metric_Pad1.05x0.95mm_HandSolder (layer B.Cu) (tedit 5B301BBE) (tstamp 5F089D5B)
    (at 151.765 116.84 180)
    (descr "Capacitor SMD 0603 (1608 Metric), square (rectangular) end terminal, IPC_7351 nominal with elongated pad for handsoldering. (Body size source: http://www.tortai-tech.com/upload/download/2011102023233369053.pdf), generated with kicad-footprint-generator")
    (tags "capacitor handsolder")
    (path /5F0AC926)
    (attr smd)
    (fp_text reference C6 (at 0 1.43) (layer B.SilkS)
      (effects (font (size 1 1) (thickness 0.15)) (justify mirror))
    )
    (fp_text value 0.1uF (at 0 -1.43) (layer B.Fab)
      (effects (font (size 1 1) (thickness 0.15)) (justify mirror))
    )
    (fp_text user %R (at 0 0) (layer B.Fab)
      (effects (font (size 0.4 0.4) (thickness 0.06)) (justify mirror))
    )
    (fp_line (start 1.65 -0.73) (end -1.65 -0.73) (layer B.CrtYd) (width 0.05))
    (fp_line (start 1.65 0.73) (end 1.65 -0.73) (layer B.CrtYd) (width 0.05))
    (fp_line (start -1.65 0.73) (end 1.65 0.73) (layer B.CrtYd) (width 0.05))
    (fp_line (start -1.65 -0.73) (end -1.65 0.73) (layer B.CrtYd) (width 0.05))
    (fp_line (start -0.171267 -0.51) (end 0.171267 -0.51) (layer B.SilkS) (width 0.12))
    (fp_line (start -0.171267 0.51) (end 0.171267 0.51) (layer B.SilkS) (width 0.12))
    (fp_line (start 0.8 -0.4) (end -0.8 -0.4) (layer B.Fab) (width 0.1))
    (fp_line (start 0.8 0.4) (end 0.8 -0.4) (layer B.Fab) (width 0.1))
    (fp_line (start -0.8 0.4) (end 0.8 0.4) (layer B.Fab) (width 0.1))
    (fp_line (start -0.8 -0.4) (end -0.8 0.4) (layer B.Fab) (width 0.1))
    (pad 2 smd roundrect (at 0.875 0 180) (size 1.05 0.95) (layers B.Cu B.Paste B.Mask) (roundrect_rratio 0.25)
      (net 12 GND))
    (pad 1 smd roundrect (at -0.875 0 180) (size 1.05 0.95) (layers B.Cu B.Paste B.Mask) (roundrect_rratio 0.25)
      (net 9 +3V3))
    (model ${KISYS3DMOD}/Capacitor_SMD.3dshapes/C_0603_1608Metric.wrl
      (at (xyz 0 0 0))
      (scale (xyz 1 1 1))
      (rotate (xyz 0 0 0))
    )
  )

  (module Capacitor_SMD:C_0603_1608Metric_Pad1.05x0.95mm_HandSolder (layer B.Cu) (tedit 5B301BBE) (tstamp 5F089D6C)
    (at 107.95 80.885 90)
    (descr "Capacitor SMD 0603 (1608 Metric), square (rectangular) end terminal, IPC_7351 nominal with elongated pad for handsoldering. (Body size source: http://www.tortai-tech.com/upload/download/2011102023233369053.pdf), generated with kicad-footprint-generator")
    (tags "capacitor handsolder")
    (path /5F0A6A75)
    (attr smd)
    (fp_text reference C7 (at 0 1.43 90) (layer B.SilkS)
      (effects (font (size 1 1) (thickness 0.15)) (justify mirror))
    )
    (fp_text value 0.1uF (at 0 -1.43 90) (layer B.Fab)
      (effects (font (size 1 1) (thickness 0.15)) (justify mirror))
    )
    (fp_text user %R (at 0 0 90) (layer B.Fab)
      (effects (font (size 0.4 0.4) (thickness 0.06)) (justify mirror))
    )
    (fp_line (start 1.65 -0.73) (end -1.65 -0.73) (layer B.CrtYd) (width 0.05))
    (fp_line (start 1.65 0.73) (end 1.65 -0.73) (layer B.CrtYd) (width 0.05))
    (fp_line (start -1.65 0.73) (end 1.65 0.73) (layer B.CrtYd) (width 0.05))
    (fp_line (start -1.65 -0.73) (end -1.65 0.73) (layer B.CrtYd) (width 0.05))
    (fp_line (start -0.171267 -0.51) (end 0.171267 -0.51) (layer B.SilkS) (width 0.12))
    (fp_line (start -0.171267 0.51) (end 0.171267 0.51) (layer B.SilkS) (width 0.12))
    (fp_line (start 0.8 -0.4) (end -0.8 -0.4) (layer B.Fab) (width 0.1))
    (fp_line (start 0.8 0.4) (end 0.8 -0.4) (layer B.Fab) (width 0.1))
    (fp_line (start -0.8 0.4) (end 0.8 0.4) (layer B.Fab) (width 0.1))
    (fp_line (start -0.8 -0.4) (end -0.8 0.4) (layer B.Fab) (width 0.1))
    (pad 2 smd roundrect (at 0.875 0 90) (size 1.05 0.95) (layers B.Cu B.Paste B.Mask) (roundrect_rratio 0.25)
      (net 12 GND))
    (pad 1 smd roundrect (at -0.875 0 90) (size 1.05 0.95) (layers B.Cu B.Paste B.Mask) (roundrect_rratio 0.25)
      (net 5 +5V))
    (model ${KISYS3DMOD}/Capacitor_SMD.3dshapes/C_0603_1608Metric.wrl
      (at (xyz 0 0 0))
      (scale (xyz 1 1 1))
      (rotate (xyz 0 0 0))
    )
  )

  (module Capacitor_SMD:C_0603_1608Metric_Pad1.05x0.95mm_HandSolder (layer B.Cu) (tedit 5B301BBE) (tstamp 5F089D7D)
    (at 158.115 116.84 180)
    (descr "Capacitor SMD 0603 (1608 Metric), square (rectangular) end terminal, IPC_7351 nominal with elongated pad for handsoldering. (Body size source: http://www.tortai-tech.com/upload/download/2011102023233369053.pdf), generated with kicad-footprint-generator")
    (tags "capacitor handsolder")
    (path /5F0AC938)
    (attr smd)
    (fp_text reference C8 (at 0 1.43 180) (layer B.SilkS)
      (effects (font (size 1 1) (thickness 0.15)) (justify mirror))
    )
    (fp_text value 0.1uF (at 0 -1.43 180) (layer B.Fab)
      (effects (font (size 1 1) (thickness 0.15)) (justify mirror))
    )
    (fp_line (start -0.8 -0.4) (end -0.8 0.4) (layer B.Fab) (width 0.1))
    (fp_line (start -0.8 0.4) (end 0.8 0.4) (layer B.Fab) (width 0.1))
    (fp_line (start 0.8 0.4) (end 0.8 -0.4) (layer B.Fab) (width 0.1))
    (fp_line (start 0.8 -0.4) (end -0.8 -0.4) (layer B.Fab) (width 0.1))
    (fp_line (start -0.171267 0.51) (end 0.171267 0.51) (layer B.SilkS) (width 0.12))
    (fp_line (start -0.171267 -0.51) (end 0.171267 -0.51) (layer B.SilkS) (width 0.12))
    (fp_line (start -1.65 -0.73) (end -1.65 0.73) (layer B.CrtYd) (width 0.05))
    (fp_line (start -1.65 0.73) (end 1.65 0.73) (layer B.CrtYd) (width 0.05))
    (fp_line (start 1.65 0.73) (end 1.65 -0.73) (layer B.CrtYd) (width 0.05))
    (fp_line (start 1.65 -0.73) (end -1.65 -0.73) (layer B.CrtYd) (width 0.05))
    (fp_text user %R (at 0 0 180) (layer B.Fab)
      (effects (font (size 0.4 0.4) (thickness 0.06)) (justify mirror))
    )
    (pad 1 smd roundrect (at -0.875 0 180) (size 1.05 0.95) (layers B.Cu B.Paste B.Mask) (roundrect_rratio 0.25)
      (net 9 +3V3))
    (pad 2 smd roundrect (at 0.875 0 180) (size 1.05 0.95) (layers B.Cu B.Paste B.Mask) (roundrect_rratio 0.25)
      (net 12 GND))
    (model ${KISYS3DMOD}/Capacitor_SMD.3dshapes/C_0603_1608Metric.wrl
      (at (xyz 0 0 0))
      (scale (xyz 1 1 1))
      (rotate (xyz 0 0 0))
    )
  )

  (module Capacitor_SMD:C_0603_1608Metric_Pad1.05x0.95mm_HandSolder (layer F.Cu) (tedit 5B301BBE) (tstamp 5F089D8E)
    (at 133.35 77.47 315)
    (descr "Capacitor SMD 0603 (1608 Metric), square (rectangular) end terminal, IPC_7351 nominal with elongated pad for handsoldering. (Body size source: http://www.tortai-tech.com/upload/download/2011102023233369053.pdf), generated with kicad-footprint-generator")
    (tags "capacitor handsolder")
    (path /5F1B357D)
    (attr smd)
    (fp_text reference C9 (at 0 -1.43 135) (layer F.SilkS)
      (effects (font (size 1 1) (thickness 0.15)))
    )
    (fp_text value 0.1uF (at 0 1.43 135) (layer F.Fab)
      (effects (font (size 1 1) (thickness 0.15)))
    )
    (fp_text user %R (at 0 0 135) (layer F.Fab)
      (effects (font (size 0.4 0.4) (thickness 0.06)))
    )
    (fp_line (start 1.65 0.73) (end -1.65 0.73) (layer F.CrtYd) (width 0.05))
    (fp_line (start 1.65 -0.73) (end 1.65 0.73) (layer F.CrtYd) (width 0.05))
    (fp_line (start -1.65 -0.73) (end 1.65 -0.73) (layer F.CrtYd) (width 0.05))
    (fp_line (start -1.65 0.73) (end -1.65 -0.73) (layer F.CrtYd) (width 0.05))
    (fp_line (start -0.171267 0.51) (end 0.171267 0.51) (layer F.SilkS) (width 0.12))
    (fp_line (start -0.171267 -0.51) (end 0.171267 -0.51) (layer F.SilkS) (width 0.12))
    (fp_line (start 0.8 0.4) (end -0.8 0.4) (layer F.Fab) (width 0.1))
    (fp_line (start 0.8 -0.4) (end 0.8 0.4) (layer F.Fab) (width 0.1))
    (fp_line (start -0.8 -0.4) (end 0.8 -0.4) (layer F.Fab) (width 0.1))
    (fp_line (start -0.8 0.4) (end -0.8 -0.4) (layer F.Fab) (width 0.1))
    (pad 2 smd roundrect (at 0.875 0 315) (size 1.05 0.95) (layers F.Cu F.Paste F.Mask) (roundrect_rratio 0.25)
      (net 12 GND))
    (pad 1 smd roundrect (at -0.875 0 315) (size 1.05 0.95) (layers F.Cu F.Paste F.Mask) (roundrect_rratio 0.25)
      (net 5 +5V))
    (model ${KISYS3DMOD}/Capacitor_SMD.3dshapes/C_0603_1608Metric.wrl
      (at (xyz 0 0 0))
      (scale (xyz 1 1 1))
      (rotate (xyz 0 0 0))
    )
  )

  (module Capacitor_SMD:C_0603_1608Metric_Pad1.05x0.95mm_HandSolder (layer F.Cu) (tedit 5B301BBE) (tstamp 5F089D9F)
    (at 136.541282 67.961282 135)
    (descr "Capacitor SMD 0603 (1608 Metric), square (rectangular) end terminal, IPC_7351 nominal with elongated pad for handsoldering. (Body size source: http://www.tortai-tech.com/upload/download/2011102023233369053.pdf), generated with kicad-footprint-generator")
    (tags "capacitor handsolder")
    (path /5F0A6A87)
    (attr smd)
    (fp_text reference C10 (at 0 -1.43 135) (layer F.SilkS)
      (effects (font (size 1 1) (thickness 0.15)))
    )
    (fp_text value 0.1uF (at 0 1.43 135) (layer F.Fab)
      (effects (font (size 1 1) (thickness 0.15)))
    )
    (fp_line (start -0.8 0.4) (end -0.8 -0.4) (layer F.Fab) (width 0.1))
    (fp_line (start -0.8 -0.4) (end 0.8 -0.4) (layer F.Fab) (width 0.1))
    (fp_line (start 0.8 -0.4) (end 0.8 0.4) (layer F.Fab) (width 0.1))
    (fp_line (start 0.8 0.4) (end -0.8 0.4) (layer F.Fab) (width 0.1))
    (fp_line (start -0.171267 -0.51) (end 0.171267 -0.51) (layer F.SilkS) (width 0.12))
    (fp_line (start -0.171267 0.51) (end 0.171267 0.51) (layer F.SilkS) (width 0.12))
    (fp_line (start -1.65 0.73) (end -1.65 -0.73) (layer F.CrtYd) (width 0.05))
    (fp_line (start -1.65 -0.73) (end 1.65 -0.73) (layer F.CrtYd) (width 0.05))
    (fp_line (start 1.65 -0.73) (end 1.65 0.73) (layer F.CrtYd) (width 0.05))
    (fp_line (start 1.65 0.73) (end -1.65 0.73) (layer F.CrtYd) (width 0.05))
    (fp_text user %R (at 0 0 135) (layer F.Fab)
      (effects (font (size 0.4 0.4) (thickness 0.06)))
    )
    (pad 1 smd roundrect (at -0.875 0 135) (size 1.05 0.95) (layers F.Cu F.Paste F.Mask) (roundrect_rratio 0.25)
      (net 5 +5V))
    (pad 2 smd roundrect (at 0.875 0 135) (size 1.05 0.95) (layers F.Cu F.Paste F.Mask) (roundrect_rratio 0.25)
      (net 12 GND))
    (model ${KISYS3DMOD}/Capacitor_SMD.3dshapes/C_0603_1608Metric.wrl
      (at (xyz 0 0 0))
      (scale (xyz 1 1 1))
      (rotate (xyz 0 0 0))
    )
  )

  (module Capacitor_SMD:C_0603_1608Metric_Pad1.05x0.95mm_HandSolder (layer B.Cu) (tedit 5B301BBE) (tstamp 5F089DB0)
    (at 150.495 114.3 90)
    (descr "Capacitor SMD 0603 (1608 Metric), square (rectangular) end terminal, IPC_7351 nominal with elongated pad for handsoldering. (Body size source: http://www.tortai-tech.com/upload/download/2011102023233369053.pdf), generated with kicad-footprint-generator")
    (tags "capacitor handsolder")
    (path /5F12791D)
    (attr smd)
    (fp_text reference C11 (at 0 1.43 90) (layer B.SilkS)
      (effects (font (size 1 1) (thickness 0.15)) (justify mirror))
    )
    (fp_text value 0.1uF (at 0 -1.43 90) (layer B.Fab)
      (effects (font (size 1 1) (thickness 0.15)) (justify mirror))
    )
    (fp_line (start -0.8 -0.4) (end -0.8 0.4) (layer B.Fab) (width 0.1))
    (fp_line (start -0.8 0.4) (end 0.8 0.4) (layer B.Fab) (width 0.1))
    (fp_line (start 0.8 0.4) (end 0.8 -0.4) (layer B.Fab) (width 0.1))
    (fp_line (start 0.8 -0.4) (end -0.8 -0.4) (layer B.Fab) (width 0.1))
